0200000000000000000000000000000000000000
0111111111111110011111111111111001111110
0111111111111110011111111111111001000000
0000011100001110011100000000111111111110
0000011100001111111100000000111111000010
0111111100001111111111111000111111000010
0111111100001110000000001110000011000010
0111111100001110000000000010000011001110
0000000000001111111111000010001111001000
0000000000001110000111000010001100001000
0000011111111110000111111011101111101110
0000011111111110000111111000101100100000
0001111100001110000000011000101100111110
0001110000001111111000011011101100000010
0001110000001111111000011000001111110010
0001110000001111111001011000001111110010
0111111111100000111001011111000000000000
0100001111111110111001011111111111110000
0100101111111110111001000000000000010000
0100100111111110111111111111110000010000
0111100000001110111111111111110000011000
0100001111100000000000000000000111111000
0100111001111111111000111111100100011000
0111100001000000011111110000000000011113
0000000000000000000000000000000000000000
